927,29
927,28
927,27
927,26
926,38
927,25
927,24
927,23
927,22
926,37
926,4
925,122
753,8
753,7
927,21
927,20
927,19
926,36
926,35
927,18
925,121
925,120
925,119
925,118
925,117
925,116
925,115
925,114
925,113
925,112
925,111
926,34
927,17
925,110
926,33
926,32
926,5
926,31
927,16
927,15
926,30
927,14
927,13
927,12
926,29
926,28
926,27
926,26
926,25
926,24
926,23
926,22
926,21
926,20
926,19
926,18
926,17
926,16
926,15
926,14
926,13
926,12
926,11
926,10
926,9
926,8
926,7
926,6
927,11
927,10
927,9
927,8
925,109
925,108
925,107
925,106
925,105
925,104
925,103
925,102
925,101
925,100
925,99
925,98
925,97
925,96
925,95
925,94
925,93
925,92
925,91
925,90
925,89
925,88
925,87
925,86
925,85
925,84
925,83
925,82
925,38
925,4
971,4
971,3
971,2
971,1
971,0
970,5
970,4
970,3
970,2
970,1
970,0
925,81
925,80
925,79
925,78
925,77
925,76
925,75
925,74
925,73
925,72
925,71
925,70
925,69
925,68
969,3
969,2
969,1
969,0
968,3
968,2
968,1
968,0
967,3
967,2
967,1
967,0
966,6
966,5
966,4
966,3
966,2
966,1
966,0
965,6
965,5
965,4
965,3
965,2
965,1
965,0
964,4
964,3
964,2
964,1
964,0
963,5
963,4
963,3
963,2
963,1
963,0
962,5
962,4
962,3
962,2
962,1
962,0
961,5
961,4
961,3
961,2
961,1
961,0
960,5
960,4
960,3
960,2
960,1
960,0
959,8
959,7
959,6
959,5
959,4
959,3
959,2
959,1
959,0
951,7
958,3
958,2
958,1
958,0
957,5
957,4
957,3
957,2
957,1
957,0
956,4
956,3
956,2
956,1
956,0
955,3
955,2
955,1
955,0
954,5
954,4
954,3
954,2
954,1
954,0
953,5
953,4
953,3
953,2
953,1
953,0
952,7
952,6
952,5
952,4
952,3
952,2
952,1
952,0
951,6
951,5
951,4
951,3
951,2
951,1
951,0
925,67
2,36
2,35
950,5
950,4
950,3
950,2
950,1
950,0
923,10
923,9
949,4
949,3
949,2
949,1
949,0
2,34
948,9
948,8
948,7
948,6
948,5
948,4
948,3
948,2
948,1
948,0
947,5
947,4
947,3
947,2
947,1
947,0
946,4
946,3
946,2
946,1
946,0
945,4
945,3
945,2
945,1
945,0
2,33
944,5
944,4
944,3
944,2
944,1
944,0
943,4
943,3
943,2
943,1
943,0
942,3
942,2
942,1
942,0
941,5
941,4
941,3
941,2
941,1
941,0
2,32
940,3
940,2
940,1
940,0
939,5
939,4
939,3
939,2
939,1
939,0
938,7
938,6
938,5
938,4
938,3
938,2
938,1
938,0
937,5
937,4
937,3
937,2
937,1
937,0
936,4
936,3
936,2
936,1
936,0
935,7
935,6
935,5
935,4
935,3
935,2
935,1
935,0
934,4
934,3
934,2
934,1
934,0
933,5
933,4
933,3
933,2
933,1
933,0
932,4
932,3
932,2
932,1
932,0
931,5
931,4
931,3
931,2
931,1
931,0
930,4
930,3
930,2
930,1
930,0
929,4
929,3
929,2
929,1
929,0
2,31
2,30
928,10
928,9
928,8
928,7
928,6
928,5
928,4
928,3
928,2
928,1
928,0
925,66
925,65
925,64
925,37
925,36
925,35
925,34
925,33
925,32
925,31
925,30
925,29
925,28
925,27
925,26
925,25
925,24
925,23
925,22
925,21
925,20
925,19
925,18
925,17
925,16
925,15
925,14
925,13
925,12
925,11
925,10
925,9
925,8
925,7
925,6
927,7
927,6
927,5
927,4
927,3
927,2
927,1
927,0
926,3
926,2
926,1
926,0
925,5
925,3
925,2
925,1
925,0
924,4
924,3
924,2
924,1
924,0
2,29
923,8
923,7
923,6
923,5
923,4
923,3
923,2
923,1
923,0
2,28
922,5
922,4
922,3
922,2
922,1
922,0
921,4
921,3
921,2
921,1
921,0
2,27
920,5
920,4
920,3
920,2
920,1
920,0
919,5
919,4
919,3
919,2
919,1
919,0
918,5
918,4
918,3
918,2
918,1
918,0
917,5
917,4
917,3
917,2
917,1
917,0
916,6
916,5
916,4
916,3
916,2
916,1
916,0
915,5
915,4
915,3
915,2
915,1
915,0
914,6
914,5
914,4
914,3
914,2
914,1
914,0
913,5
913,4
913,3
913,2
913,1
913,0
912,4
912,3
912,2
912,1
912,0
911,6
911,5
911,4
911,3
911,2
911,1
911,0
910,5
910,4
910,3
910,2
910,1
910,0
909,3
909,2
909,1
909,0
908,5
908,4
908,3
908,2
908,1
908,0
907,3
907,2
907,1
907,0
906,6
906,5
906,4
906,3
906,2
906,1
906,0
905,8
905,7
905,6
905,5
905,4
905,3
905,2
905,1
905,0
904,6
904,5
904,4
904,3
904,2
904,1
904,0
903,5
903,4
903,3
903,2
903,1
903,0
902,11
902,10
902,9
902,8
902,7
902,6
902,5
902,4
902,3
902,2
902,1
902,0
901,4
901,3
901,2
901,1
901,0
900,5
900,4
900,3
900,2
900,1
900,0
899,5
899,4
899,3
899,2
899,1
899,0
818,183
818,182
818,181
818,180
818,179
818,178
818,177
818,176
818,175
818,174
818,173
818,172
818,171
818,170
818,169
818,168
818,167
818,166
818,165
818,164
818,163
818,162
818,161
818,160
818,159
818,158
818,157
898,5
898,4
898,3
898,2
898,1
898,0
897,6
897,5
897,4
897,3
897,2
897,1
897,0
896,5
896,4
896,3
896,2
896,1
896,0
895,4
895,3
895,2
895,1
895,0
894,6
894,5
894,4
894,3
894,2
894,1
894,0
893,5
893,4
893,3
893,2
893,1
893,0
892,3
892,2
892,1
892,0
891,5
891,4
891,3
891,2
891,1
891,0
890,3
890,2
890,1
890,0
889,6
889,5
889,4
889,3
889,2
889,1
889,0
888,8
888,7
888,6
888,5
888,4
888,3
888,2
888,1
888,0
887,6
887,5
887,4
887,3
887,2
887,1
887,0
886,5
886,4
886,3
886,2
886,1
886,0
885,11
885,10
885,9
885,8
885,7
885,6
885,5
885,4
885,3
885,2
885,1
885,0
884,4
884,3
884,2
884,1
884,0
883,5
883,4
883,3
883,2
883,1
883,0
882,5
882,4
882,3
882,2
882,1
882,0
881,5
881,4
881,3
881,2
881,1
881,0
880,6
880,5
880,4
880,3
880,2
880,1
880,0
879,5
879,4
879,3
879,2
879,1
879,0
878,4
878,3
878,2
878,1
878,0
877,6
877,5
877,4
877,3
877,2
877,1
877,0
876,5
876,4
876,3
876,2
876,1
876,0
875,3
875,2
875,1
875,0
874,5
874,4
874,3
874,2
874,1
874,0
873,3
873,2
873,1
873,0
872,6
872,5
872,4
872,3
872,2
872,1
872,0
871,8
871,7
871,6
871,5
871,4
871,3
871,2
871,1
871,0
870,6
870,5
870,4
870,3
870,2
870,1
870,0
869,5
869,4
869,3
869,2
869,1
869,0
868,11
868,10
868,9
868,8
868,7
868,6
868,5
868,4
868,3
868,2
868,1
868,0
867,4
867,3
867,2
867,1
867,0
866,5
866,4
866,3
866,2
866,1
866,0
865,5
865,4
865,3
865,2
865,1
865,0
818,156
818,155
818,154
818,153
818,152
818,151
818,150
819,35
819,34
819,22
820,20
820,19
820,18
819,33
819,32
819,26
819,31
819,13
819,30
819,29
820,17
819,28
819,27
819,21
819,25
820,16
819,24
819,19
819,23
820,15
819,17
819,20
820,14
819,18
819,16
819,4
820,13
819,15
819,14
819,5
820,12
819,12
818,149
818,148
819,11
820,11
818,147
818,146
819,10
819,9
820,10
818,145
818,144
819,8
818,143
818,142
819,7
819,6
818,141
820,9
820,8
818,140
818,139
818,138
818,137
818,136
818,135
818,134
818,133
818,132
818,131
818,130
818,129
818,128
818,127
818,126
818,125
818,124
818,123
818,122
818,121
818,120
818,119
818,118
818,117
818,116
818,115
818,114
818,113
818,112
818,111
818,110
818,109
818,108
818,107
818,106
818,105
818,104
818,103
818,102
818,101
818,100
818,99
818,98
818,97
818,96
864,4
864,3
864,2
864,1
864,0
863,5
863,4
863,3
863,2
863,1
863,0
818,95
818,94
818,93
818,92
818,91
818,90
818,89
818,88
818,87
818,86
818,85
818,84
818,83
818,82
818,81
818,40
818,39
818,38
818,4
818,80
818,79
818,78
818,77
818,76
818,75
818,74
818,73
862,3
862,2
862,1
862,0
861,3
861,2
861,1
861,0
860,3
860,2
860,1
860,0
859,6
859,5
859,4
859,3
859,2
859,1
859,0
858,6
858,5
858,4
858,3
858,2
858,1
858,0
857,4
857,3
857,2
857,1
857,0
856,5
856,4
856,3
856,2
856,1
856,0
855,5
855,4
855,3
855,2
855,1
855,0
854,5
854,4
854,3
854,2
854,1
854,0
853,5
853,4
853,3
853,2
853,1
853,0
852,8
852,7
852,6
852,5
852,4
852,3
852,2
852,1
852,0
844,7
818,72
818,71
818,70
818,69
818,68
851,3
851,2
851,1
851,0
850,5
850,4
850,3
850,2
850,1
850,0
849,4
849,3
849,2
849,1
849,0
848,3
848,2
848,1
848,0
847,5
847,4
847,3
847,2
847,1
847,0
846,5
846,4
846,3
846,2
846,1
846,0
2,26
845,7
845,6
845,5
845,4
845,3
845,2
845,1
845,0
844,6
844,5
844,4
844,3
844,2
844,1
844,0
818,67
843,5
843,4
843,3
843,2
843,1
843,0
816,10
816,9
842,4
842,3
842,2
842,1
842,0
841,9
841,8
841,7
841,6
841,5
841,4
841,3
841,2
841,1
841,0
2,25
840,5
840,4
840,3
840,2
840,1
840,0
839,4
839,3
839,2
839,1
839,0
2,24
838,4
838,3
838,2
838,1
838,0
837,5
837,4
837,3
837,2
837,1
837,0
836,4
836,3
836,2
836,1
836,0
835,3
835,2
835,1
835,0
834,5
834,4
834,3
834,2
834,1
834,0
833,3
833,2
833,1
833,0
832,5
832,4
832,3
832,2
832,1
832,0
831,7
831,6
831,5
831,4
831,3
831,2
831,1
831,0
2,23
830,5
830,4
830,3
830,2
830,1
830,0
829,4
829,3
829,2
829,1
829,0
828,7
828,6
828,5
828,4
828,3
828,2
828,1
828,0
827,4
827,3
827,2
827,1
827,0
826,5
826,4
826,3
826,2
826,1
826,0
825,4
825,3
825,2
825,1
825,0
2,22
824,5
824,4
824,3
824,2
824,1
824,0
823,4
823,3
823,2
823,1
823,0
822,4
822,3
822,2
822,1
822,0
821,10
821,9
821,8
821,7
821,6
821,5
821,4
821,3
821,2
821,1
821,0
818,66
818,65
818,64
818,37
818,36
818,35
818,34
818,33
818,32
818,31
818,30
818,29
818,28
818,27
818,26
818,25
818,24
818,23
818,22
818,21
818,20
818,19
818,18
818,17
818,16
818,15
818,14
818,13
818,12
818,11
818,10
818,9
818,8
818,7
818,6
2,21
820,7
820,6
820,5
820,4
820,3
820,2
820,1
820,0
819,3
819,2
819,1
819,0
818,5
818,3
818,2
818,1
818,0
817,4
817,3
817,2
817,1
817,0
816,8
816,7
816,6
816,5
816,4
816,3
816,2
816,1
816,0
815,5
815,4
815,3
815,2
815,1
815,0
814,4
814,3
814,2
814,1
814,0
813,5
813,4
813,3
813,2
813,1
813,0
812,5
812,4
812,3
812,2
812,1
812,0
811,5
811,4
811,3
811,2
811,1
811,0
810,5
810,4
810,3
810,2
810,1
810,0
809,6
809,5
809,4
809,3
809,2
809,1
809,0
2,13
2,11
2,10
2,9
2,8
2,7
2,5
2,4
2,2
1,2
0,509
0,508
0,505
0,490
0,488
0,485
0,483
0,481
0,476
0,473
0,461
0,452
0,446
0,445
0,444
0,443
0,442
0,441
0,440
0,439
0,433
0,432
0,430
0,427
0,426
0,425
0,423
0,422
0,419
0,414
0,412
0,411
0,410
0,409
0,408
0,407
0,406
0,404
0,403
0,402
0,401
0,399
0,397
0,396
0,395
0,394
0,392
0,391
0,390
0,389
0,388
0,387
0,386
0,385
0,384
0,383
0,381
0,380
0,379
0,377
0,376
0,375
0,374
0,372
0,371
0,370
0,369
0,368
0,367
0,366
0,365
0,364
0,322
0,316
0,315
2,6
0,314
4,1
0,313
4,3
0,312
4,0
0,311
0,306
0,243
1,1
1,3
1,0
805,4
805,1
805,3
805,0
803,4
803,1
803,3
0,447
803,0
2,1
2,12
2,3
2,0
0,9
0,457
0,310
0,305
0,434
0,429
0,308
0,304
0,303
0,302
0,307
0,12
0,424
0,10
0,8
0,0
0,504
0,300
0,421
0,299
0,466
0,298
0,431
0,297
0,349
0,296
0,295
0,474
0,294
0,301
0,293
0,458
0,292
0,420
0,291
0,503
0,290
0,415
0,289
0,288
0,463
0,287
0,448
0,286
0,497
0,285
0,284
0,478
0,283
0,502
0,282
0,338
0,281
0,477
0,280
0,340
0,279
0,278
0,418
0,277
0,348
0,276
2,14
2,15
2,17
2,18
2,20
3,0
3,2
3,4
3,5
4,2
12,0
12,2
12,4
12,5
12,7
12,8
12,10
12,11
12,13
12,15
12,16
12,18
12,19
12,21
12,23
12,24
12,26
12,27
13,0
13,1
13,3
14,1
14,2
15,0
15,1
15,3
567,1
567,2
567,4
658,0
658,2
658,3
658,5
716,0
716,1
716,3
716,4
717,1
717,3
717,4
718,1
718,2
718,4
719,1
719,2
719,4
719,5
720,1
720,2
720,4
720,6
721,0
721,2
721,3
722,0
722,2
722,3
723,0
723,1
723,3
724,0
724,2
725,0
725,1
725,3
725,4
726,1
726,3
727,0
727,2
727,3
727,5
727,6
728,0
728,2
728,3
728,5
729,0
729,2
729,4
729,5
729,7
729,8
730,1
730,3
730,4
731,0
731,1
731,3
731,4
732,1
732,3
732,4
733,1
733,2
733,4
734,1
734,2
734,4
734,5
735,1
735,2
735,4
736,1
736,2
737,0
737,1
737,3
738,0
738,1
738,3
738,4
739,1
739,2
740,0
740,2
740,3
740,5
740,6
740,8
740,10
740,11
740,13
740,14
740,16
740,17
741,0
741,2
741,3
742,1
742,2
742,4
743,1
743,2
743,4
743,5
744,0
744,2
744,3
744,5
744,6
744,8
744,9
745,1
745,3
745,4
746,1
746,2
746,4
747,0
747,1
747,3
747,4
747,6
747,7
747,9
747,11
747,12
747,14
747,15
748,1
748,3
748,4
749,1
749,2
749,4
750,0
750,2
751,0
751,1
751,3
751,4
752,1
752,3
752,4
752,6
753,0
753,2
753,4
753,5
754,0
754,1
754,3
754,4
755,0
755,2
755,3
755,5
756,0
756,2
756,4
757,0
757,2
757,3
757,5
758,0
758,2
758,4
758,5
758,7
758,8
758,10
758,12
758,13
758,15
758,16
758,18
758,19
759,1
759,3
759,4
759,6
759,7
760,1
760,3
760,4
760,6
761,0
761,2
761,3
762,1
762,3
762,4
763,1
763,2
763,4
764,0
764,1
764,3
765,0
765,2
765,4
766,0
766,2
766,3
766,5
766,6
766,8
767,1
767,2
768,0
768,1
768,3
769,1
769,2
769,4
770,0
770,2
770,3
771,0
771,2
771,3
772,1
772,2
772,4
773,0
773,1
773,3
773,4
774,1
774,2
774,4
775,0
775,1
775,3
775,4
776,1
776,3
776,4
777,1
777,2
778,0
778,2
778,3
778,5
778,6
778,8
779,0
779,2
779,4
779,5
779,7
780,0
780,2
781,0
781,1
781,3
781,4
782,0
782,1
782,3
783,0
783,1
783,3
783,4
784,0
784,2
784,3
784,5
784,6
785,1
785,2
785,4
786,0
786,1
786,3
786,4
787,0
787,2
787,3
787,5
788,0
788,2
788,4
788,5
789,1
789,2
789,4
790,0
790,2
790,4
790,5
791,1
791,2
791,4
791,6
792,0
792,2
792,3
792,5
793,0
793,2
793,4
793,5
794,1
794,2
794,4
795,1
795,2
795,4
795,5
796,1
796,2
797,0
797,2
797,3
798,0
798,1
798,3
799,0
799,1
799,3
800,0
800,2
800,3
800,5
801,0
801,1
801,3
801,4
802,1
802,3
802,4
802,6
803,2
803,6
804,1
804,2
804,4
804,5
804,7
805,2
806,1
806,3
807,0
807,2
807,3
807,5
808,1
808,2
808,4
808,3
808,0
807,4
807,1
806,2
806,0
804,6
804,3
804,0
803,5
802,5
802,2
802,0
801,2
800,6
800,4
800,1
799,2
798,4
798,2
797,4
797,1
796,3
796,0
795,3
795,0
794,3
794,0
793,3
793,1
792,4
792,1
791,5
791,3
791,0
790,3
790,1
789,3
789,0
788,3
788,1
787,4
787,1
786,5
786,2
785,5
785,3
785,0
784,4
784,1
783,5
783,2
782,4
782,2
781,5
781,2
780,3
780,1
779,6
779,3
779,1
778,7
778,4
778,1
777,3
777,0
776,2
776,0
775,2
774,5
774,3
774,0
773,2
772,5
772,3
772,0
771,1
770,4
770,1
769,3
769,0
768,2
767,3
767,0
766,7
766,4
766,1
765,3
765,1
764,2
763,5
763,3
763,0
762,2
762,0
761,1
760,5
760,2
760,0
759,5
759,2
759,0
758,17
758,14
758,11
758,9
758,6
758,3
758,1
757,4
757,1
756,3
756,1
755,4
755,1
754,5
754,2
753,6
753,3
753,1
752,5
752,2
752,0
751,2
750,3
750,1
749,3
749,0
748,2
748,0
747,13
747,10
747,8
747,5
747,2
746,5
746,3
746,0
745,2
745,0
744,7
744,4
744,1
743,6
743,3
743,0
742,3
742,0
741,1
740,18
740,15
740,12
740,9
740,7
740,4
740,1
739,3
739,0
738,2
737,4
737,2
736,3
736,0
735,3
735,0
734,3
734,0
733,3
733,0
732,2
732,0
731,2
730,5
730,2
730,0
729,6
729,3
729,1
728,4
728,1
727,7
727,4
727,1
726,2
726,0
725,2
724,3
724,1
723,2
722,4
722,1
721,4
721,1
720,5
720,3
720,0
719,3
719,0
718,3
718,0
717,2
717,0
716,2
658,6
658,4
658,1
567,3
567,0
15,2
14,3
14,0
13,2
12,28
12,25
12,22
12,20
12,17
12,14
12,12
12,9
12,6
12,3
12,1
3,6
3,3
3,1
2,19
2,16
0,347
0,275
0,417
0,274
0,405
0,273
0,496
0,272
0,501
0,271
0,416
0,270
0,511
0,269
0,495
0,268
0,500
0,267
0,428
0,266
0,475
0,265
0,494
0,264
0,363
0,263
0,460
0,262
0,459
0,261
0,489
0,260
0,456
0,259
0,493
0,258
0,454
0,257
0,319
0,256
0,393
0,255
0,329
0,254
0,378
0,253
0,252
0,251
0,327
0,250
0,358
0,249
0,341
0,248
0,318
0,247
0,326
0,246
0,499
0,245
0,244
0,360
0,242
0,492
0,241
0,484
0,240
0,510
0,239
0,238
0,339
0,237
0,346
0,236
0,317
0,235
0,357
0,234
0,486
0,233
0,345
0,232
0,462
0,231
0,438
0,230
0,325
0,229
0,356
0,228
0,482
0,227
0,373
0,226
0,334
0,225
0,437
0,224
0,324
0,223
0,344
0,222
0,337
0,221
0,436
0,220
0,336
0,219
0,467
0,218
0,453
0,217
0,355
0,216
0,362
0,215
0,465
0,214
0,354
0,213
0,435
0,212
0,333
0,211
0,335
0,210
0,361
0,209
0,472
0,208
0,332
0,207
0,359
0,206
0,323
0,205
0,353
0,204
0,352
0,203
0,400
0,202
0,331
0,201
0,330
0,200
0,343
0,199
0,471
0,198
0,507
0,197
0,464
0,196
0,506
0,195
0,451
0,194
0,351
0,193
0,455
0,192
0,63
0,321
0,62
0,480
0,61
0,320
0,60
0,470
0,59
0,382
0,58
0,479
0,57
0,449
0,56
0,469
0,55
0,398
0,54
0,350
0,53
0,309
0,52
0,491
0,51
0,328
0,50
0,468
0,49
0,450
0,48
0,342
0,47
0,498
0,46
0,45
0,487
0,6
0,5
0,1
0,413
0,11
0,4
0,2
0,3
0,7
